  Tukey multiple comparisons of means
    95% family-wise confidence level

Fit: aov(formula = Nsig ~ Feather + IndividualID, data = savana)

$Feather
            diff        lwr        upr     p adj
R3-P1 -0.9171429 -1.5775168 -0.2567690 0.0045740
S6-P1 -1.1865714 -1.8551490 -0.5179938 0.0002972
S6-R3 -0.2694286 -0.9380062  0.3991490 0.5925810

$IndividualID
                             diff         lwr          upr     p adj
2661-39628-2661-39627  0.92333333 -1.81934589  3.666012555 0.9989327
2661-39629-2661-39627  0.51000000 -2.23267922  3.252679222 0.9999999
2661-39630-2661-39627 -0.24666667 -2.98934589  2.496012555 1.0000000
2661-39635-2661-39627  2.76333333  0.02065411  5.506012555 0.0465276
2661-39639-2661-39627  0.02666667 -2.71601256  2.769345888 1.0000000
2661-39645-2661-39627  0.36333333 -2.37934589  3.106012555 1.0000000
2661-39646-2661-39627  1.83666667 -0.90601256  4.579345888 0.5703300
2661-39648-2661-39627 -0.49000000 -3.23267922  2.252679222 0.9999999
2661-39653-2661-39627  0.40000000 -2.34267922  3.142679222 1.0000000
2661-39658-2661-39627  0.55333333 -2.18934589  3.296012555 0.9999996
2661-39663-2661-39627  0.73666667 -2.00601256  3.479345888 0.9999563
2661-39664-2661-39627  0.80900000 -2.25740859  3.875408590 0.9999667
2661-39667-2661-39627  0.61333333 -2.12934589  3.356012555 0.9999976
2661-39670-2661-39627  1.30333333 -1.43934589  4.046012555 0.9524552
2661-39674-2661-39627  1.35000000 -1.39267922  4.092679222 0.9357455
2661-39675-2661-39627  0.42333333 -2.31934589  3.166012555 1.0000000
2661-39694-2661-39627  1.67666667 -1.06601256  4.419345888 0.7194118
2661-39702-2661-39627 -0.47333333 -3.21601256  2.269345888 1.0000000
2661-39711-2661-39627  0.13333333 -2.60934589  2.876012555 1.0000000
2661-39717-2661-39627 -0.04666667 -2.78934589  2.696012555 1.0000000
2661-39629-2661-39628 -0.41333333 -3.15601256  2.329345888 1.0000000
2661-39630-2661-39628 -1.17000000 -3.91267922  1.572679222 0.9830004
2661-39635-2661-39628  1.84000000 -0.90267922  4.582679222 0.5671540
2661-39639-2661-39628 -0.89666667 -3.63934589  1.846012555 0.9992750
2661-39645-2661-39628 -0.56000000 -3.30267922  2.182679222 0.9999995
2661-39646-2661-39628  0.91333333 -1.82934589  3.656012555 0.9990746
2661-39648-2661-39628 -1.41333333 -4.15601256  1.329345888 0.9072786
2661-39653-2661-39628 -0.52333333 -3.26601256  2.219345888 0.9999998
2661-39658-2661-39628 -0.37000000 -3.11267922  2.372679222 1.0000000
2661-39663-2661-39628 -0.18666667 -2.92934589  2.556012555 1.0000000
2661-39664-2661-39628 -0.11433333 -3.18074192  2.952075257 1.0000000
2661-39667-2661-39628 -0.31000000 -3.05267922  2.432679222 1.0000000
2661-39670-2661-39628  0.38000000 -2.36267922  3.122679222 1.0000000
2661-39674-2661-39628  0.42666667 -2.31601256  3.169345888 1.0000000
2661-39675-2661-39628 -0.50000000 -3.24267922  2.242679222 0.9999999
2661-39694-2661-39628  0.75333333 -1.98934589  3.496012555 0.9999387
2661-39702-2661-39628 -1.39666667 -4.13934589  1.346012555 0.9154353
2661-39711-2661-39628 -0.79000000 -3.53267922  1.952679222 0.9998764
2661-39717-2661-39628 -0.97000000 -3.71267922  1.772679222 0.9979958
2661-39630-2661-39629 -0.75666667 -3.49934589  1.986012555 0.9999346
2661-39635-2661-39629  2.25333333 -0.48934589  4.996012555 0.2284699
2661-39639-2661-39629 -0.48333333 -3.22601256  2.259345888 1.0000000
2661-39645-2661-39629 -0.14666667 -2.88934589  2.596012555 1.0000000
2661-39646-2661-39629  1.32666667 -1.41601256  4.069345888 0.9445369
2661-39648-2661-39629 -1.00000000 -3.74267922  1.742679222 0.9970816
2661-39653-2661-39629 -0.11000000 -2.85267922  2.632679222 1.0000000
2661-39658-2661-39629  0.04333333 -2.69934589  2.786012555 1.0000000
2661-39663-2661-39629  0.22666667 -2.51601256  2.969345888 1.0000000
2661-39664-2661-39629  0.29900000 -2.76740859  3.365408590 1.0000000
2661-39667-2661-39629  0.10333333 -2.63934589  2.846012555 1.0000000
2661-39670-2661-39629  0.79333333 -1.94934589  3.536012555 0.9998686
2661-39674-2661-39629  0.84000000 -1.90267922  3.582679222 0.9997031
2661-39675-2661-39629 -0.08666667 -2.82934589  2.656012555 1.0000000
2661-39694-2661-39629  1.16666667 -1.57601256  3.909345888 0.9834909
2661-39702-2661-39629 -0.98333333 -3.72601256  1.759345888 0.9976251
2661-39711-2661-39629 -0.37666667 -3.11934589  2.366012555 1.0000000
2661-39717-2661-39629 -0.55666667 -3.29934589  2.186012555 0.9999995
2661-39635-2661-39630  3.01000000  0.26732078  5.752679222 0.0189739
2661-39639-2661-39630  0.27333333 -2.46934589  3.016012555 1.0000000
2661-39645-2661-39630  0.61000000 -2.13267922  3.352679222 0.9999978
2661-39646-2661-39630  2.08333333 -0.65934589  4.826012555 0.3489007
2661-39648-2661-39630 -0.24333333 -2.98601256  2.499345888 1.0000000
2661-39653-2661-39630  0.64666667 -2.09601256  3.389345888 0.9999943
2661-39658-2661-39630  0.80000000 -1.94267922  3.542679222 0.9998517
2661-39663-2661-39630  0.98333333 -1.75934589  3.726012555 0.9976251
2661-39664-2661-39630  1.05566667 -2.01074192  4.122075257 0.9985749
2661-39667-2661-39630  0.86000000 -1.88267922  3.602679222 0.9995884
2661-39670-2661-39630  1.55000000 -1.19267922  4.292679222 0.8225657
2661-39674-2661-39630  1.59666667 -1.14601256  4.339345888 0.7869010
2661-39675-2661-39630  0.67000000 -2.07267922  3.412679222 0.9999900
2661-39694-2661-39630  1.92333333 -0.81934589  4.666012555 0.4885110
2661-39702-2661-39630 -0.22666667 -2.96934589  2.516012555 1.0000000
2661-39711-2661-39630  0.38000000 -2.36267922  3.122679222 1.0000000
2661-39717-2661-39630  0.20000000 -2.54267922  2.942679222 1.0000000
2661-39639-2661-39635 -2.73666667 -5.47934589  0.006012555 0.0510536
2661-39645-2661-39635 -2.40000000 -5.14267922  0.342679222 0.1511482
2661-39646-2661-39635 -0.92666667 -3.66934589  1.816012555 0.9988814
2661-39648-2661-39635 -3.25333333 -5.99601256 -0.510654112 0.0074053
2661-39653-2661-39635 -2.36333333 -5.10601256  0.379345888 0.1682357
2661-39658-2661-39635 -2.21000000 -4.95267922  0.532679222 0.2560309
2661-39663-2661-39635 -2.02666667 -4.76934589  0.716012555 0.3959292
2661-39664-2661-39635 -1.95433333 -5.02074192  1.112075257 0.6543274
2661-39667-2661-39635 -2.15000000 -4.89267922  0.592679222 0.2977860
2661-39670-2661-39635 -1.46000000 -4.20267922  1.282679222 0.8818840
2661-39674-2661-39635 -1.41333333 -4.15601256  1.329345888 0.9072786
2661-39675-2661-39635 -2.34000000 -5.08267922  0.402679222 0.1798698
2661-39694-2661-39635 -1.08666667 -3.82934589  1.656012555 0.9922977
2661-39702-2661-39635 -3.23666667 -5.97934589 -0.493987445 0.0079098
2661-39711-2661-39635 -2.63000000 -5.37267922  0.112679222 0.0733272
2661-39717-2661-39635 -2.81000000 -5.55267922 -0.067320778 0.0394687
2661-39645-2661-39639  0.33666667 -2.40601256  3.079345888 1.0000000
2661-39646-2661-39639  1.81000000 -0.93267922  4.552679222 0.5957391
2661-39648-2661-39639 -0.51666667 -3.25934589  2.226012555 0.9999999
2661-39653-2661-39639  0.37333333 -2.36934589  3.116012555 1.0000000
2661-39658-2661-39639  0.52666667 -2.21601256  3.269345888 0.9999998
2661-39663-2661-39639  0.71000000 -2.03267922  3.452679222 0.9999751
2661-39664-2661-39639  0.78233333 -2.28407526  3.848741924 0.9999801
2661-39667-2661-39639  0.58666667 -2.15601256  3.329345888 0.9999989
2661-39670-2661-39639  1.27666667 -1.46601256  4.019345888 0.9604813
2661-39674-2661-39639  1.32333333 -1.41934589  4.066012555 0.9457208
2661-39675-2661-39639  0.39666667 -2.34601256  3.139345888 1.0000000
2661-39694-2661-39639  1.65000000 -1.09267922  4.392679222 0.7426830
2661-39702-2661-39639 -0.50000000 -3.24267922  2.242679222 0.9999999
2661-39711-2661-39639  0.10666667 -2.63601256  2.849345888 1.0000000
2661-39717-2661-39639 -0.07333333 -2.81601256  2.669345888 1.0000000
2661-39646-2661-39645  1.47333333 -1.26934589  4.216012555 0.8739404
2661-39648-2661-39645 -0.85333333 -3.59601256  1.889345888 0.9996304
2661-39653-2661-39645  0.03666667 -2.70601256  2.779345888 1.0000000
2661-39658-2661-39645  0.19000000 -2.55267922  2.932679222 1.0000000
2661-39663-2661-39645  0.37333333 -2.36934589  3.116012555 1.0000000
2661-39664-2661-39645  0.44566667 -2.62074192  3.512075257 1.0000000
2661-39667-2661-39645  0.25000000 -2.49267922  2.992679222 1.0000000
2661-39670-2661-39645  0.94000000 -1.80267922  3.682679222 0.9986544
2661-39674-2661-39645  0.98666667 -1.75601256  3.729345888 0.9975238
2661-39675-2661-39645  0.06000000 -2.68267922  2.802679222 1.0000000
2661-39694-2661-39645  1.31333333 -1.42934589  4.056012555 0.9491664
2661-39702-2661-39645 -0.83666667 -3.57934589  1.906012555 0.9997192
2661-39711-2661-39645 -0.23000000 -2.97267922  2.512679222 1.0000000
2661-39717-2661-39645 -0.41000000 -3.15267922  2.332679222 1.0000000
2661-39648-2661-39646 -2.32666667 -5.06934589  0.416012555 0.1867896
2661-39653-2661-39646 -1.43666667 -4.17934589  1.306012555 0.8950517
2661-39658-2661-39646 -1.28333333 -4.02601256  1.459345888 0.9585740
2661-39663-2661-39646 -1.10000000 -3.84267922  1.642679222 0.9911810
2661-39664-2661-39646 -1.02766667 -4.09407526  2.038741924 0.9989938
2661-39667-2661-39646 -1.22333333 -3.96601256  1.519345888 0.9735087
2661-39670-2661-39646 -0.53333333 -3.27601256  2.209345888 0.9999998
2661-39674-2661-39646 -0.48666667 -3.22934589  2.256012555 1.0000000
2661-39675-2661-39646 -1.41333333 -4.15601256  1.329345888 0.9072786
2661-39694-2661-39646 -0.16000000 -2.90267922  2.582679222 1.0000000
2661-39702-2661-39646 -2.31000000 -5.05267922  0.432679222 0.1957210
2661-39711-2661-39646 -1.70333333 -4.44601256  1.039345888 0.6955041
2661-39717-2661-39646 -1.88333333 -4.62601256  0.859345888 0.5260075
2661-39653-2661-39648  0.89000000 -1.85267922  3.632679222 0.9993440
2661-39658-2661-39648  1.04333333 -1.69934589  3.786012555 0.9951615
2661-39663-2661-39648  1.22666667 -1.51601256  3.969345888 0.9728046
2661-39664-2661-39648  1.29900000 -1.76740859  4.365408590 0.9841785
2661-39667-2661-39648  1.10333333 -1.63934589  3.846012555 0.9908823
2661-39670-2661-39648  1.79333333 -0.94934589  4.536012555 0.6115889
2661-39674-2661-39648  1.84000000 -0.90267922  4.582679222 0.5671540
2661-39675-2661-39648  0.91333333 -1.82934589  3.656012555 0.9990746
2661-39694-2661-39648  2.16666667 -0.57601256  4.909345888 0.2857735
2661-39702-2661-39648  0.01666667 -2.72601256  2.759345888 1.0000000
2661-39711-2661-39648  0.62333333 -2.11934589  3.366012555 0.9999969
2661-39717-2661-39648  0.44333333 -2.29934589  3.186012555 1.0000000
2661-39658-2661-39653  0.15333333 -2.58934589  2.896012555 1.0000000
2661-39663-2661-39653  0.33666667 -2.40601256  3.079345888 1.0000000
2661-39664-2661-39653  0.40900000 -2.65740859  3.475408590 1.0000000
2661-39667-2661-39653  0.21333333 -2.52934589  2.956012555 1.0000000
2661-39670-2661-39653  0.90333333 -1.83934589  3.646012555 0.9991999
2661-39674-2661-39653  0.95000000 -1.79267922  3.692679222 0.9984593
2661-39675-2661-39653  0.02333333 -2.71934589  2.766012555 1.0000000
2661-39694-2661-39653  1.27666667 -1.46601256  4.019345888 0.9604813
2661-39702-2661-39653 -0.87333333 -3.61601256  1.869345888 0.9994919
2661-39711-2661-39653 -0.26666667 -3.00934589  2.476012555 1.0000000
2661-39717-2661-39653 -0.44666667 -3.18934589  2.296012555 1.0000000
2661-39663-2661-39658  0.18333333 -2.55934589  2.926012555 1.0000000
2661-39664-2661-39658  0.25566667 -2.81074192  3.322075257 1.0000000
2661-39667-2661-39658  0.06000000 -2.68267922  2.802679222 1.0000000
2661-39670-2661-39658  0.75000000 -1.99267922  3.492679222 0.9999427
2661-39674-2661-39658  0.79666667 -1.94601256  3.539345888 0.9998604
2661-39675-2661-39658 -0.13000000 -2.87267922  2.612679222 1.0000000
2661-39694-2661-39658  1.12333333 -1.61934589  3.866012555 0.9889148
2661-39702-2661-39658 -1.02666667 -3.76934589  1.716012555 0.9959965
2661-39711-2661-39658 -0.42000000 -3.16267922  2.322679222 1.0000000
2661-39717-2661-39658 -0.60000000 -3.34267922  2.142679222 0.9999983
2661-39664-2661-39663  0.07233333 -2.99407526  3.138741924 1.0000000
2661-39667-2661-39663 -0.12333333 -2.86601256  2.619345888 1.0000000
2661-39670-2661-39663  0.56666667 -2.17601256  3.309345888 0.9999994
2661-39674-2661-39663  0.61333333 -2.12934589  3.356012555 0.9999976
2661-39675-2661-39663 -0.31333333 -3.05601256  2.429345888 1.0000000
2661-39694-2661-39663  0.94000000 -1.80267922  3.682679222 0.9986544
2661-39702-2661-39663 -1.21000000 -3.95267922  1.532679222 0.9761884
2661-39711-2661-39663 -0.60333333 -3.34601256  2.139345888 0.9999982
2661-39717-2661-39663 -0.78333333 -3.52601256  1.959345888 0.9998908
2661-39667-2661-39664 -0.19566667 -3.26207526  2.870741924 1.0000000
2661-39670-2661-39664  0.49433333 -2.57207526  3.560741924 1.0000000
2661-39674-2661-39664  0.54100000 -2.52540859  3.607408590 1.0000000
2661-39675-2661-39664 -0.38566667 -3.45207526  2.680741924 1.0000000
2661-39694-2661-39664  0.86766667 -2.19874192  3.934075257 0.9999048
2661-39702-2661-39664 -1.28233333 -4.34874192  1.784075257 0.9861698
2661-39711-2661-39664 -0.67566667 -3.74207526  2.390741924 0.9999981
2661-39717-2661-39664 -0.85566667 -3.92207526  2.210741924 0.9999225
2661-39670-2661-39667  0.69000000 -2.05267922  3.432679222 0.9999840
2661-39674-2661-39667  0.73666667 -2.00601256  3.479345888 0.9999563
2661-39675-2661-39667 -0.19000000 -2.93267922  2.552679222 1.0000000
2661-39694-2661-39667  1.06333333 -1.67934589  3.806012555 0.9939743
2661-39702-2661-39667 -1.08666667 -3.82934589  1.656012555 0.9922977
2661-39711-2661-39667 -0.48000000 -3.22267922  2.262679222 1.0000000
2661-39717-2661-39667 -0.66000000 -3.40267922  2.082679222 0.9999921
2661-39674-2661-39670  0.04666667 -2.69601256  2.789345888 1.0000000
2661-39675-2661-39670 -0.88000000 -3.62267922  1.862679222 0.9994367
2661-39694-2661-39670  0.37333333 -2.36934589  3.116012555 1.0000000
2661-39702-2661-39670 -1.77666667 -4.51934589  0.966012555 0.6273824
2661-39711-2661-39670 -1.17000000 -3.91267922  1.572679222 0.9830004
2661-39717-2661-39670 -1.35000000 -4.09267922  1.392679222 0.9357455
2661-39675-2661-39674 -0.92666667 -3.66934589  1.816012555 0.9988814
2661-39694-2661-39674  0.32666667 -2.41601256  3.069345888 1.0000000
2661-39702-2661-39674 -1.82333333 -4.56601256  0.919345888 0.5830370
2661-39711-2661-39674 -1.21666667 -3.95934589  1.526012555 0.9748756
2661-39717-2661-39674 -1.39666667 -4.13934589  1.346012555 0.9154353
2661-39694-2661-39675  1.25333333 -1.48934589  3.996012555 0.9666555
2661-39702-2661-39675 -0.89666667 -3.63934589  1.846012555 0.9992750
2661-39711-2661-39675 -0.29000000 -3.03267922  2.452679222 1.0000000
2661-39717-2661-39675 -0.47000000 -3.21267922  2.272679222 1.0000000
2661-39702-2661-39694 -2.15000000 -4.89267922  0.592679222 0.2977860
2661-39711-2661-39694 -1.54333333 -4.28601256  1.199345888 0.8274029
2661-39717-2661-39694 -1.72333333 -4.46601256  1.019345888 0.6772216
2661-39711-2661-39702  0.60666667 -2.13601256  3.349345888 0.9999980
2661-39717-2661-39702  0.42666667 -2.31601256  3.169345888 1.0000000
2661-39717-2661-39711 -0.18000000 -2.92267922  2.562679222 1.0000000

